1689106.0
3793307.0
3819977.0
3853876.0
4085744.0
4472252.0
5854319.0
1.0606816E7
1.1518015E7
1.198993E7
1.2838236E7
1.4320045E7
1.6261401E7
2.4226893E7
2.5447015E7
2.6482099E7
2.6500301E7
2.6685656E7
2.7989882E7
3.2165084E7
3.2227362E7
3.318135E7
3.4498016E7
3.5936351E7
4.4177465E7
5.0156468E7
5.1380822E7
5.3874936E7
6.1014006E7
6.250348E7
6.2825649E7
6.7243522E7
6.7647108E7
6.8749954E7
7.5673712E7
7.6805104E7
7.9211045E7
8.0149669E7
8.6590147E7
8.9192936E7
9.1939556E7
9.2707856E7
9.8327285E7
1.05008688E8
1.10498052E8
1.10911801E8
1.11712785E8
1.13964449E8
1.16115141E8
1.19337859E8
1.21908266E8
1.28561839E8
1.30172465E8
1.34969526E8
1.34996798E8
1.35485411E8
1.35773933E8
1.38681868E8
1.4145682E8
1.41710852E8
1.42908707E8
1.4338931E8
1.48386647E8
1.50960538E8
1.55178061E8
1.58203297E8
1.61357741E8
1.65041824E8
1.67319707E8
1.71028727E8
1.75721782E8
1.76398991E8
1.76419366E8
1.82705055E8
1.83668229E8
1.85848147E8
1.8763516E8
1.89138392E8
1.9006407E8
1.96021962E8
1.96479385E8
1.97889349E8
2.02309308E8
2.03036111E8
2.08162221E8
2.13110832E8
2.16438261E8
2.17347994E8
2.19095334E8
2.20318926E8
2.21649813E8
2.23058114E8
2.23996763E8
2.264819E8
2.26649357E8
2.26963174E8
2.28385832E8
2.30754087E8
2.31514748E8
2.32070252E8
2.35063279E8
2.36769769E8
2.40787023E8
2.41066953E8
2.41210419E8
2.42055914E8
2.4791249E8
2.48905596E8
2.50499728E8
2.55251743E8
2.57068468E8
2.61522719E8
2.61935611E8
2.6260654E8
2.63787423E8
2.65100377E8
2.75322522E8
2.76291549E8
2.79333154E8
2.80715661E8
2.81841248E8
2.83522115E8
2.85917338E8
2.87718483E8
2.87990419E8
2.88011975E8
2.88758529E8
2.88793701E8
2.8979525E8
2.89828917E8
2.91666362E8
2.91935196E8
2.96223219E8
2.96772291E8
2.96879807E8
2.99979085E8
3.00329257E8
3.02620509E8
3.08332573E8
3.08409617E8
3.10635755E8
3.11070157E8
3.12641134E8
3.12914317E8
3.17297827E8
3.17557504E8
3.17645782E8
3.20089983E8
3.2792307E8
3.28440377E8
3.29053444E8
3.34809277E8
3.36388288E8
3.4133323E8
3.43391187E8
3.43812785E8
3.46346133E8
3.51064606E8
3.51759398E8
3.54053632E8
3.60534311E8
3.60630097E8
3.69302974E8
3.69938868E8
3.71799837E8
3.81031383E8
3.83514594E8
3.86758024E8
3.87224794E8
3.8808433E8
3.91054497E8
3.91415922E8
3.94437634E8
3.94451482E8
4.1321733E8
4.13221828E8
4.18269717E8
4.21437547E8
4.26564093E8
4.26913443E8
4.28176645E8
4.33530867E8
4.33823294E8
4.38581787E8
4.39198944E8
4.39469178E8
4.41319214E8
4.50092791E8
4.5168154E8
4.52113551E8
4.53202994E8
4.55316912E8
4.59599952E8
4.61559616E8
4.61752391E8
4.62313255E8
4.6393814E8
4.64490183E8
4.6453435E8
4.68322587E8
4.68334548E8
4.72357337E8
4.73251507E8
4.75154154E8
4.76382459E8
4.77483319E8
4.79955426E8
4.8006946E8
4.81909202E8
4.88914085E8
4.91301773E8
4.93467946E8
4.98117963E8
4.98411151E8
5.00250706E8
5.00637254E8
5.04897109E8
5.10128718E8
5.10146474E8
5.16893917E8
5.17144497E8
5.18300723E8
5.2311049E8
5.26413481E8
5.26436469E8
5.28010822E8
5.2996965E8
5.34061874E8
5.34749382E8
5.3533575E8
5.36766587E8
5.38302425E8
5.43546669E8
5.47747719E8
5.47923605E8
5.48681935E8
5.50500918E8
5.52399331E8
5.56463239E8
5.59234812E8
5.59718829E8
5.64269316E8
5.64723462E8
5.66403663E8
5.66717548E8
5.71497455E8
5.73764928E8
5.74887382E8
5.75631866E8
5.80476498E8
5.81055574E8
5.81316376E8
5.82628643E8
5.8298765E8
5.83884884E8
5.84276504E8
5.87972002E8
5.8940415E8
5.92231742E8
5.99043735E8
6.02245899E8
6.03851274E8
6.05333762E8
6.07790588E8
6.09095308E8
6.09987599E8
6.13882761E8
6.17711398E8
6.17999903E8
6.1851119E8
6.18679928E8
6.19453937E8
6.19827139E8
6.22700204E8
6.23250365E8
6.24628219E8
6.29218952E8
6.29427904E8
6.31987087E8
6.33203778E8
6.34248584E8
6.40957567E8
6.48979922E8
6.50990544E8
6.54454718E8
6.54494828E8
6.56352055E8
6.56724341E8
6.59070863E8
6.59823578E8
6.60147551E8
6.62925971E8
6.65140652E8
6.65736528E8
6.65960641E8
6.69165461E8
6.72369915E8
6.72653211E8
6.72964471E8
6.74802552E8
6.78108378E8
6.78411078E8
6.78983752E8
6.83086582E8
6.85298961E8
6.85485746E8
6.8740095E8
6.97822165E8
6.99878928E8
7.02716895E8
7.04168324E8
7.04932883E8
7.06480579E8
7.11510628E8
7.12306902E8
7.13519606E8
7.17550064E8
7.17600594E8
7.1999405E8
7.21293868E8
7.23429864E8
7.24753504E8
7.25977262E8
7.28663536E8
7.29948013E8
7.31607111E8
7.36651587E8
7.37027049E8
7.41056226E8
7.41898182E8
7.4226843E8
7.43609946E8
7.44549613E8
7.46399693E8
7.4762283E8
7.47654128E8
7.48075523E8
7.51564254E8
7.51638059E8
7.60995491E8
7.6270613E8
7.63445138E8
7.6707338E8
7.67650512E8
7.68167437E8
7.69420786E8
7.72648875E8
7.73379419E8
7.74524959E8
7.8233363E8
7.85147918E8
7.89389044E8
7.95561018E8
7.97798963E8
7.98329129E8
7.98708314E8
7.99376291E8
8.02800565E8
8.05585657E8
8.08661044E8
8.12550982E8
8.12800809E8
8.2603743E8
8.27571392E8
8.27723108E8
8.30755334E8
8.31386973E8
8.31915561E8
8.3364646E8
8.37617439E8
8.37991367E8
8.38497446E8
8.3971906E8
8.41437631E8
8.43145322E8
8.46730117E8
8.47606495E8
8.47899181E8
8.48692203E8
8.54458661E8
8.58331256E8
8.58736447E8
8.60884379E8
8.6366638E8
8.68428649E8
8.68678205E8
8.71542254E8
8.74591329E8
8.82200156E8
8.83184914E8
8.84124991E8
8.91146031E8
8.93440988E8
8.93898651E8
8.94815341E8
8.9537289E8
8.96851675E8
8.9980062E8
9.00135286E8
9.00137954E8
9.01973743E8
9.03615745E8
9.04862635E8
9.06770508E8
9.07751918E8
9.07917067E8
9.0844215E8
9.11462486E8
9.11798862E8
9.12028086E8
9.12685963E8
9.14060438E8
9.14882996E8
9.15988553E8
9.19273137E8
9.19821672E8
9.22403904E8
9.24966956E8
9.25453429E8
9.27498392E8
9.28021992E8
9.28029391E8
9.3461041E8
9.35634431E8
9.37665874E8
9.38713602E8
9.39638682E8
9.41954095E8
9.48631556E8
9.50470975E8
9.55685144E8
9.5633561E8
9.5796676E8
9.58717809E8
9.6498637E8
9.65220472E8
9.69826203E8
9.71893486E8
9.73834911E8
9.74004673E8
9.74869624E8
9.7677821E8
9.77443268E8
9.78560504E8
9.78737915E8
9.80478763E8
9.80530475E8
9.80872298E8
9.81641908E8
9.8371918E8
9.89531964E8
9.90097134E8
9.93623998E8
9.97982623E8
1.003418276E9
1.004849062E9
1.005631021E9
1.010892725E9
1.011258269E9
1.01272125E9
1.013196844E9
1.013204307E9
1.020525359E9
1.030711733E9
1.034808617E9
1.03678426E9
1.038708479E9
1.039284292E9
1.041984664E9
1.042954852E9
1.043526626E9
1.044088683E9
1.045026358E9
1.046468396E9
1.048205488E9
1.054254169E9
1.054567203E9
1.05772692E9
1.058286947E9
1.06926647E9
1.069407889E9
1.070452387E9
1.070456986E9
1.072090837E9
1.072383207E9
1.073455803E9
1.076939988E9
1.078885199E9
1.080551001E9
1.081574919E9
1.082883042E9
1.08306751E9
1.093196335E9
1.102846403E9
1.105031033E9
1.108068603E9
1.111521623E9
1.118099839E9
1.118403506E9
1.119230886E9
1.119637487E9
1.120909012E9
1.125341002E9
1.125448477E9
1.126151516E9
1.126593996E9
1.12846221E9
1.13337782E9
1.137703837E9
1.13926445E9
1.142110086E9
1.144532856E9
1.149227148E9
1.150965486E9
1.157818831E9
1.158167589E9
1.166086917E9
1.168053727E9
1.168072805E9
1.168937387E9
1.174037798E9
1.176416999E9
1.17687852E9
1.182068853E9
1.186738716E9
1.191045015E9
1.194358664E9
1.19569393E9
1.195956953E9
1.197433596E9
1.200660433E9
1.201386686E9
1.203622962E9
1.204023096E9
1.204762375E9
1.205393657E9
1.207396921E9
1.211878074E9
1.217130117E9
1.217541086E9
1.220817963E9
1.220965419E9
1.225170982E9
1.225812873E9
1.237592876E9
1.238512974E9
1.242425609E9
1.245532563E9
1.248774666E9
1.251632777E9
1.251898314E9
1.251936942E9
1.256968165E9
1.259477464E9
1.262745142E9
1.263047319E9
1.268778983E9
1.277729515E9
1.279343969E9
1.27936756E9
1.282122902E9
1.287400913E9
1.289263937E9
1.296630104E9
1.299212104E9
1.302115095E9
1.302743542E9
1.305801956E9
1.30779624E9
1.311212274E9
1.312358064E9
1.312423892E9
1.31341253E9
1.320551426E9
1.323019689E9
1.327952362E9
1.328637845E9
1.331226179E9
1.33470531E9
1.338441195E9
1.340717977E9
1.340872671E9
1.346542652E9
1.346997441E9
1.347667258E9
1.348845349E9
1.349942927E9
1.351949767E9
1.352777941E9
1.354279963E9
1.354668807E9
1.360940899E9
1.361087947E9
1.361723772E9
1.364185685E9
1.364537373E9
1.366343124E9
1.368432722E9
1.371423669E9
1.375078988E9
1.376015735E9
1.377036111E9
1.378783438E9
1.379725928E9
1.382244765E9
1.382777102E9
1.382819465E9
1.38383194E9
1.388293922E9
1.388461083E9
1.390928823E9
1.391160718E9
1.392050716E9
1.393024982E9
1.393216752E9
1.394353876E9
1.39697988E9
1.399076487E9
1.402224388E9
1.402416328E9
1.40429757E9
1.405194256E9
1.40614065E9
1.409866793E9
1.411658701E9
1.412793806E9
1.415380363E9
1.416957649E9
1.42598167E9
1.427074383E9
1.428359971E9
1.428591768E9
1.430514298E9
1.434339298E9
1.435165681E9
1.43561102E9
1.436552661E9
1.437969223E9
1.438892802E9
1.439594155E9
1.442763543E9
1.443071874E9
1.444193137E9
1.448192926E9
1.452520889E9
1.452690062E9
1.452788807E9
1.453254379E9
1.454635039E9
1.456184762E9
1.459938525E9
1.460150493E9
1.460652826E9
1.460885839E9
1.461797919E9
1.463640726E9
1.466415447E9
1.467149367E9
1.468283471E9
1.471349189E9
1.471518026E9
1.473708608E9
1.47457185E9
1.475351382E9
1.476040392E9
1.477229472E9
1.477746155E9
1.478226926E9
1.479324596E9
1.48035526E9
1.483755725E9
1.483944424E9
1.492791546E9
1.495758199E9
1.496879816E9
1.499042254E9
1.507226935E9
1.507230249E9
1.508189031E9
1.509221611E9
1.513278493E9
1.519691944E9
1.523354784E9
1.523495664E9
1.525161192E9
1.525944959E9
1.526380909E9
1.526472611E9
1.527139856E9
1.532538764E9
1.532676765E9
1.532825478E9
1.538521065E9
1.539889903E9
1.540830785E9
1.54100814E9
1.543142846E9
1.543310128E9
1.543612163E9
1.546150393E9
1.546730762E9
1.546779052E9
1.548004272E9
1.548988731E9
1.550921262E9
1.551504267E9
1.556749755E9
1.557764406E9
1.558193396E9
1.558917325E9
1.560307265E9
1.560609114E9
1.564398362E9
1.566567102E9
1.567892561E9
1.575128921E9
1.577459558E9
1.578635085E9
1.582098131E9
1.582364028E9
1.58544053E9
1.587089581E9
1.587723378E9
1.588534509E9
1.589076034E9
1.591993361E9
1.59906453E9
1.599570222E9
1.600272845E9
1.600435833E9
1.602883998E9
1.603087163E9
1.608935957E9
1.609282502E9
1.614193184E9
1.616375387E9
1.621494015E9
1.624166628E9
1.626677822E9
1.62686465E9
1.62868685E9
1.636400043E9
1.636812063E9
1.641947867E9
1.643524128E9
1.644124342E9
1.644236966E9
1.645574586E9
1.645875059E9
1.64596766E9
1.647964394E9
1.649385345E9
1.650977399E9
1.652860959E9
1.654921058E9
1.655049983E9
1.655638116E9
1.656051683E9
1.660740811E9
1.662247417E9
1.663340137E9
1.664766033E9
1.67028058E9
1.670363266E9
1.676968284E9
1.677628747E9
1.68248711E9
1.6831654E9
1.686283604E9
1.687364482E9
1.69105028E9
1.692907161E9
1.699240844E9
1.702286258E9
1.703269804E9
1.705169925E9
1.705508988E9
1.708683143E9
1.715224142E9
1.715679253E9
1.715968084E9
1.720492551E9
1.721509559E9
1.724324535E9
1.726219272E9
1.726669299E9
1.726913931E9
1.727824951E9
1.729389108E9
1.735322477E9
1.736560919E9
1.738737587E9
1.744814438E9
1.746091507E9
1.746523777E9
1.747311129E9
1.747746406E9
1.748466896E9
1.751053531E9
1.752619134E9
1.754824315E9
1.755611912E9
1.755894061E9
1.755983827E9
1.761205351E9
1.765832216E9
1.765989128E9
1.768610578E9
1.769029084E9
1.769766975E9
1.777612033E9
1.779475252E9
1.780963557E9
1.783881105E9
1.785203406E9
1.786139314E9
1.786930097E9
1.789861204E9
1.792599406E9
1.79434082E9
1.794843885E9
1.794862659E9
1.795560758E9
1.797135499E9
1.797354988E9
1.79748701E9
1.800215285E9
1.803451503E9
1.806330161E9
1.810731961E9
1.819789124E9
1.820802037E9
1.821695985E9
1.82324813E9
1.825699266E9
1.82784232E9
1.832659646E9
1.833829428E9
1.837637179E9
1.838001415E9
1.838102826E9
1.840227999E9
1.840415885E9
1.844443526E9
1.846311272E9
1.848798002E9
1.850617903E9
1.850812947E9
1.854782104E9
1.85599185E9
1.856549936E9
1.858435919E9
1.859380725E9
1.86117112E9
1.86425465E9
1.864368503E9
1.868621811E9
1.86869186E9
1.868845333E9
1.870497626E9
1.871049447E9
1.871321206E9
1.875945708E9
1.881005118E9
1.891707612E9
1.897303697E9
1.902273385E9
1.90552073E9
1.907163593E9
1.909307573E9
1.910029519E9
1.91243761E9
1.919380459E9
1.92765056E9
1.927773969E9
1.930106489E9
1.930128078E9
1.931538072E9
1.93247836E9
1.937139329E9
1.940342016E9
1.941229481E9
1.944807381E9
1.945489759E9
1.947850212E9
1.949763392E9
1.956252953E9
1.95637424E9
1.95648076E9
1.956825525E9
1.957657487E9
1.95826747E9
1.959162593E9
1.961294382E9
1.962118502E9
1.962147555E9
1.963976137E9
1.966026787E9
1.968233772E9
1.968545654E9
1.969938306E9
1.972234632E9
1.972454466E9
1.97311741E9
1.973196116E9
1.978533805E9
1.981774045E9
1.983120099E9
1.989444485E9
1.990517637E9
1.990774053E9
1.991271541E9
1.993404628E9
1.993596998E9
1.994640928E9
1.995663234E9
1.99687287E9
1.998754818E9
2.000279609E9
2.001564022E9
2.003472374E9
2.003965623E9
2.005231494E9
2.009109701E9
2.011215504E9
2.011450998E9
2.014377758E9
2.017201529E9
2.020812633E9
2.021110381E9
2.022675491E9
2.022859124E9
2.023167313E9
2.023558809E9
2.024093966E9
2.024429587E9
2.028146087E9
2.029240473E9
2.032291868E9
2.034459623E9
2.036131265E9
2.036611743E9
2.038385864E9
2.038953785E9
2.039714077E9
2.042315517E9
2.04399642E9
2.045286346E9
2.045926329E9
2.046564958E9
2.051061253E9
2.051357698E9
2.053745808E9
2.0541241E9
2.054856644E9
2.056897254E9
2.057188342E9
2.057462605E9
2.060248638E9
2.06364708E9
2.069362311E9
2.07077142E9
2.072408825E9
2.072924441E9
2.074080139E9
2.074176722E9
2.07663583E9
2.079625866E9
2.08063961E9
2.082594436E9
2.083936553E9
2.090217255E9
2.090253837E9
2.091120536E9
2.091249286E9
2.099367613E9
2.099812644E9
2.099978431E9
2.100222116E9
2.105007329E9
2.106192399E9
2.108450967E9
2.113113593E9
2.116064355E9
2.116751562E9
2.119866227E9
2.120246077E9
2.121628111E9
2.122250069E9
2.123378984E9
2.123706069E9
2.124719283E9
2.12501889E9
2.12503475E9
2.131031292E9
2.134762544E9
2.135673601E9
2.136206257E9
2.138283903E9
2.14442366E9
