3.0364485E7
4.1428211E7
4.8123371E7
6.1204965E7
7.3762304E7
8.8842566E7
9.2788661E7
1.18512322E8
1.23435384E8
1.25959169E8
1.7523813E8
2.12360197E8
2.14206506E8
2.16335246E8
2.35146002E8
2.63601694E8
3.70662348E8
3.82265724E8
3.974628E8
3.98673996E8
4.45126161E8
4.75342878E8
4.88419437E8
5.23065023E8
5.46556593E8
5.57680531E8
5.81757434E8
6.10196057E8
6.18277733E8
6.20935077E8
6.29161282E8
6.34017044E8
6.44102301E8
6.73240666E8
6.85984547E8
7.0070756E8
7.13883625E8
7.35906937E8
7.89360138E8
8.46071253E8
8.57560678E8
8.76172904E8
8.79151309E8
9.03227285E8
9.03247351E8
9.1086273E8
9.24501603E8
9.28422231E8
9.41305495E8
9.44713042E8
9.91435632E8
1.028366741E9
1.056660721E9
1.088280788E9
1.11375147E9
1.118194974E9
1.191696171E9
1.201092474E9
1.203192092E9
1.23109005E9
1.254378222E9
1.269742586E9
1.278562529E9
1.309817699E9
1.322287515E9
1.328302501E9
1.333992137E9
1.342084859E9
1.361591742E9
1.404869341E9
1.441099483E9
1.469702814E9
1.469733193E9
1.483791149E9
1.525145051E9
1.553581538E9
1.588328552E9
1.591375459E9
1.601896408E9
1.61314613E9
1.658610207E9
1.716958422E9
1.726313927E9
1.729880585E9
1.749269326E9
1.74957151E9
1.807736012E9
1.809286404E9
1.831053931E9
1.84044479E9
1.868633312E9
1.875580128E9
1.902914248E9
2.012401655E9
2.022617158E9
2.061073172E9
2.076575362E9
2.086357021E9
2.087049583E9
2.124809887E9
